1.345261018606053703e-03
2.809525852807120971e-01
3.191758482044609879e-02
2.334369858953784169e-02
7.163057820946589806e-03
1.008327040021768234e-01
2.218959904519040086e-02
1.790954556504317004e-03
2.410848377803933434e-02
5.553494668204092544e-02
1.070115241975527027e-03
1.035103648725118342e-01
1.586099342664340842e-02
8.475854782878364246e-03
3.900595463550763612e-04
5.536190810645957860e-01
2.309648971229998904e-01
1.434390480918425810e-04
3.232767431413055559e-02
2.743299401438909282e-02
4.316281919368707143e-02
7.125340333806732445e-04
4.442498786903436962e-03
1.166470527369539018e-02
1.968294486068170035e-01
2.117654527942094966e-01
3.084605086318472633e-01
4.996352672026270203e-01
8.838479857912867610e-02
1.806159738101904833e-02
5.817443891608504308e-02
9.322244481141708228e-01
9.088465402390849546e-01
1.184552661931448925e-01
2.211412083149020755e-02
1.863738778993847493e-03
9.106357404182412185e-03
5.948833111052760463e-03
7.974686856481730951e-03
1.828373357752407780e-01
2.899327587866239175e-02
1.527045938783222912e-03
8.218927310945571552e-02
5.864564338809873101e-02
3.938580547509909491e-03
2.705464203533881062e-01
1.777602042774629743e-01
1.380299997171525843e-02
2.354079522815584902e-04
1.829586177426303917e-02
9.849039847561159577e-01
9.892535599316480965e-01
9.967745810240553617e-01
5.915429727123038273e-01
7.369979919947998726e-01
4.911358668634465685e-01
6.550490414512083470e-02
5.648508785963788359e-01
9.937047096725368789e-01
9.990880164674728059e-01
7.680310066132616242e-01
9.985995496920915260e-01
9.458781673637184362e-01
8.735717244294607386e-01
2.200671162999887076e-01
9.946606101594505089e-01
9.215890447583159339e-01
9.977110308239248715e-01
9.945679489669071449e-01
4.131849858129553188e-01
9.898966098267093505e-01
9.967219161214702083e-01
9.998249371625789195e-01
9.881765113239273646e-01
7.612642316321778235e-01
7.598659282980521068e-01
9.959116403489887137e-01
9.904456888639013856e-01
9.608702972441265366e-01
9.297029113399575273e-01
2.295480358749358296e-01
9.664733397141841431e-01
6.908506232179344453e-01
8.981950981439303927e-01
9.992210500280838126e-01
9.942491947615281767e-01
9.442409806595579713e-01
9.945723991740108572e-01
9.905588901508277644e-01
7.281471308049186630e-01
9.398187477668871193e-01
9.429751568374854509e-01
4.354567969794370108e-01
9.994614705987161507e-01
9.435173125299967101e-01
8.902726175446867840e-01
9.869587545513989202e-01
9.954498464177438111e-01
9.996325110530533964e-01
9.369800885471971652e-01
