3.847023724564449521e-02
4.586181428539315985e-01
6.485165598729071279e-01
1.269728480925595149e-01
1.515582113951027300e-02
3.052272107209494292e-03
4.909347258829105286e-15
5.881722691107270640e-01
1.437158667045896621e-01
2.221437300205094875e-03
4.825235030460992003e-03
1.530221444505165951e-01
4.410434356261977245e-04
2.507951578743061738e-01
6.871210149707221512e-06
5.985652172788929332e-02
1.561910766185527211e-01
6.519506697087366076e-01
2.461539570642016228e-01
3.054997756098316863e-02
1.039273186291720351e-02
4.176900749592828144e-02
6.210880032495419423e-01
5.630850877019297762e-01
9.785563364494065386e-02
1.862427798954127411e-01
9.089878452428666817e-04
2.953370124563935856e-02
2.773450770660672304e-02
1.667504026130312844e-01
2.350720229298274358e-02
2.060245444910450696e-01
5.140496735528757993e-02
1.509710413653080341e-01
7.692797356350271343e-02
3.506078998286221160e-01
5.036792528327350277e-02
9.633268147294773431e-01
3.854230655163840003e-01
9.807505629590015928e-02
1.784282111595654474e-01
9.371051879102082482e-01
2.315012776054727606e-01
1.135661930608832942e-01
1.191976861887993984e-06
5.941055646764480808e-02
4.426530144107583276e-01
7.138186779963880124e-02
6.138028084876732959e-02
6.344876439933641032e-01
8.145975723731947449e-01
5.227970612519986515e-01
6.070236453599934245e-01
9.139567220113280488e-01
7.768343758969705748e-01
9.938622845733317002e-01
5.969980577429061519e-01
5.604222511841707721e-01
8.856354197998234090e-01
9.127348867817550726e-01
9.616746502781314820e-01
8.744716876055915744e-01
3.452494415354956381e-01
9.902068678996915896e-01
9.349750830406551305e-01
9.729050662057872056e-01
9.460575050311043066e-01
7.606314139881404923e-01
8.000558167860759573e-01
9.410787813010046410e-01
9.953075884702342613e-01
6.920281683081495050e-01
9.081418265093972320e-01
8.714818190728799152e-01
9.475942470223713832e-01
9.375424731197008477e-01
9.908185412779371148e-01
9.263747636071613112e-01
9.895570191815978855e-01
6.040183144683957117e-01
3.051399884504772952e-01
9.946710424822887697e-01
9.009613362722928009e-01
9.867441368237225285e-01
9.012301276875323008e-01
9.656321404095665750e-01
9.693302021129860391e-01
9.135680378546330305e-01
9.356113024874176398e-01
8.652346337417957667e-01
5.955460078088175013e-01
8.233140875810894821e-01
7.916148187307066042e-01
8.243916471427357173e-01
9.214254091554984205e-01
9.422209250135737957e-01
9.649026350028632182e-01
9.255632972428581295e-01
9.461846561210356388e-01
8.293872866124605281e-01
