3.385696443090111529e-01
4.404783208492669966e-02
4.040890408968393632e-02
6.938101220621778475e-02
6.963215565500331661e-02
1.556254781114212726e-01
8.088014882537963857e-02
4.245859116999457263e-03
1.328307238667484069e-01
2.541355798125947973e-02
5.176085100640540754e-02
5.526272436830026447e-02
6.855958558972292949e-02
7.180016165448828425e-02
2.175436110496421771e-02
4.946747792647901987e-01
1.866259543032986953e-02
4.141194467861365747e-02
1.055460393369706956e-01
1.340992133779089941e-02
1.438954186217725195e-02
1.457645207380896535e-01
8.115744575477870648e-02
1.070943395183264896e-01
7.051019239198948359e-03
8.970619614142021081e-03
3.295701510093530101e-02
2.576240607636930413e-01
1.814921006519086208e-02
5.906281370397583608e-01
8.790904326833275106e-02
1.726906859059433239e-02
7.215140057243944055e-03
2.117441981304624826e-02
2.172800685010761179e-01
7.189445501376696968e-02
2.115977199864426950e-01
2.813455742376930191e-01
2.501097040246162695e-02
2.645471431750154312e-02
7.179319580980486615e-02
2.934936980887581023e-02
1.147125293755728651e-02
1.099341547427930138e-01
6.992846479920715452e-02
1.122534665354477518e-01
1.795745804141715696e-02
6.099312416234788786e-03
4.914297811158131746e-02
1.179240974155775223e+00
6.281554456560974053e-02
1.241324764769346223e-01
2.923194988325173230e-02
1.267208109001338456e-01
6.889142145729168498e-02
8.071498465432730418e-03
7.480014020522704477e-02
5.605691680421188289e-02
1.044703603389740970e-01
5.894919591804934772e-02
2.961118684574740034e-02
2.162045993151536991e-02
6.410406266897893390e-01
1.291739737459493886e+00
7.629761551648622797e-01
6.214174836012822389e-01
5.882257278046264526e-01
7.497732010804405434e-01
7.145637897881939038e-01
1.486065240800244158e+00
2.241920240078896231e+00
1.199006576719326533e+00
1.161399174740480378e+00
9.033794972952338131e-01
1.239735234234977668e+00
5.786065143051761783e-01
8.912744590697523339e-01
7.337251019444849254e-01
9.667144155158085006e-01
3.955787814144763326e-01
9.072660801254981422e-01
2.291089819199161326e+00
1.214015285062242100e+00
1.005518294732451023e+00
6.076581902271921409e-01
5.463246169489515136e-01
6.784996661692930253e-01
1.079862403979803043e+00
1.617486525240289241e+00
9.673284793033206652e-01
6.307163622028371108e-01
9.262548748860139902e-01
7.296848536990446776e-01
9.955284824690648904e-01
7.980329913246452245e-01
1.402446162909861016e+00
1.160080402928826748e+00
6.167062849178756023e-01
1.104304512139693717e+00
1.347519835294842316e+00
1.716210363536950112e+00
9.319220829350428614e-01
8.379747556288259513e-01
1.328177276209992597e+00
4.335882015501760223e-01
8.454694998204065337e-01
8.953022689582076366e-01
1.181786501676319379e+00
7.044995540249928689e-01
5.367277916288928363e-01
1.308031755660827411e+00
4.923500686737082299e-01
1.101990633639251316e+00
5.594073994231436586e-01
4.371567057150746449e-01
1.249394913063216261e+00
1.557403084780224267e+00
7.112068589102613636e-01
1.252071637622956812e+00
9.143572903313804678e-01
8.078671707430609139e-01
8.111506839080159237e-01
6.599465546370445468e-01
1.083073589307668616e+00
