1.333252954542869702e+07
2.376854329008887988e+06
2.116343405771706998e+07
1.242419579064338235e+06
2.929336047114979592e+05
4.668025299419300631e+06
4.657497977062056889e+05
3.422193422817784594e+05
1.526730088449921226e+06
5.559662571348106576e+04
3.788210780783841386e+06
3.940623495494947420e+05
3.472316834976375569e+06
1.568689904421590967e+06
7.959201152304391144e+04
7.902617997078824556e+05
1.169621499805110972e+06
2.523265932866182644e+06
3.059464775435205665e+05
6.723931747917775647e+04
1.944509554863460828e+06
5.839661270207015332e+04
8.760272414535749704e+05
4.345883264622404240e+06
4.247976047773312894e+05
1.027312184796639532e+07
2.767196564010220463e+05
8.004995397593589732e+05
1.209036358417202486e+06
1.270996689631299349e+06
3.130942721936538583e+05
3.270585594783461653e+06
4.448916179373784922e+06
2.846110367937232181e+07
2.926111380925682024e+05
1.417651552947811224e+07
6.332234248847998679e+05
9.303818769825543277e+05
2.981920874019218609e+05
1.015419032142595574e+07
2.190972143570083193e+06
7.240686687402568758e+06
3.019012693838628475e+05
1.168911923346037365e+05
2.662647917160570621e+06
1.225886739908181131e+07
6.838016993248523213e+06
2.070469437823603221e+05
8.483013663137411932e+05
1.052783030856400495e+06
1.235034123117057141e+06
1.544914967232042982e+05
4.107285298693875317e+06
1.402933983142234210e+05
1.537231020103180781e+06
2.101000428198140580e+05
4.476567660526300780e+06
4.583231833022979088e+06
2.404930026036799420e+06
5.764679002735964023e+05
1.181121282013898343e+07
3.420082181899493095e+06
3.876073398581203539e+06
2.079859324758106959e+05
2.208759223347876687e+05
2.522598759973594919e+06
2.424779418935540307e+05
1.508329346474254876e+07
4.375609904633957194e+05
6.309165834773732349e+05
1.573094111150196695e+05
1.655455326074023615e+05
2.385277285756210331e+05
1.376852378748035291e+06
6.311941375801768154e+05
1.654836984243931016e+06
6.539448942730424460e+05
1.094617650697826408e+07
1.542531666925258003e+06
3.163243518753026612e+06
2.033250146701988531e+06
7.057674681244038977e+06
3.811113021029571537e+06
8.160394265836450271e+06
2.778829894062763546e+06
1.885342574167811836e+05
2.676451665340437321e+05
6.604943375828049611e+05
3.037322710151972715e+05
1.338277064819546882e+06
6.527593467796862824e+05
1.677331539779003942e+06
2.431688208238161169e+06
1.418186562253568554e+05
1.873978270364421769e+05
1.098403876083174255e+05
4.697685263720371760e+06
1.411509141939416993e+06
8.244651135681398446e+05
4.093770910794445663e+05
1.229700950488979928e+06
2.200501027980603685e+05
2.194645484746877628e+05
4.558683495399626903e+06
6.977649752815742977e+06
7.821563655155916931e+05
2.400553794355746359e+06
2.263570855830705725e+06
1.835637626176156627e+05
4.752896581568127149e+05
6.094756552002773620e+06
2.540618722820610274e+05
8.408431733654364944e+06
3.417525906514202710e+06
1.157803410271632252e+06
5.429020908970650053e+05
3.366828886556100333e+05
1.838318394589155912e+06
3.453590793904331513e+06
1.287176176853093784e+06
8.750215489902600646e+06
1.248826815846375655e+06
3.135018065238986164e+06
8.959138776814330777e+04
4.789273755222191103e+05
2.948569448761885520e+06
1.496641915142909565e+05
6.923668194575699978e+06
1.266724733765734360e+06
1.189179400225266814e+06
6.334687848454312189e+05
7.993506749281874858e+06
1.118128269280900247e+07
1.148211880493031058e+05
8.724084585751390841e+04
5.355584893326179590e+05
1.102288763480903022e+07
7.399031515475752531e+04
1.276688419057145511e+05
2.897722963329489576e+05
4.357717871004177257e+06
2.188486187780419365e+06
1.587832605219723191e+05
2.098932326952538860e+05
4.535789157484711148e+06
7.409276373775007960e+04
1.293087286251685146e+05
2.911618814505142625e+06
1.098881735117910284e+05
8.904582444958602719e+04
2.469653608519959962e+05
7.492783030207364936e+04
1.644293506113481126e+05
1.015437849794154288e+06
7.848689396650273353e+06
5.372882163346610032e+05
9.489023819163214415e+06
4.997439192757127807e+06
2.498977355315959081e+06
1.072174818936736695e+07
1.609045431198104285e+06
1.510456721910656989e+07
5.249710252648786642e+06
3.457535651788882096e+05
8.909622240733070066e+05
2.240510694705604389e+07
3.182760990319752455e+04
2.004212598988298560e+06
7.766031259447894990e+05
3.384900955738699529e+06
9.723417880482630571e+05
1.061394139565514866e+06
3.318944262662227731e+06
9.096846476779052755e+05
4.759077259355987422e+06
4.807360265837940387e+06
1.791777628792781755e+07
2.722257648701370927e+05
3.891064400895615690e+05
1.657567309604798676e+06
1.524712427259754157e+06
1.136270166334946116e+05
3.020833598008141387e+06
6.443816621454554843e+05
8.759487475417863578e+06
2.644003312380598509e+05
3.930436722608555853e+07
4.306918273315242841e+05
3.074885272473509610e+07
7.932128771637376631e+05
1.699103609211432282e+06
2.856145985372835305e+06
2.354581802666209696e+05
9.341601203063782305e+05
4.421690570761558483e+05
3.162983136075607035e+05
8.051220534934674390e+06
2.210770316408986400e+05
4.316131853995008394e+06
1.869618626617646951e+05
4.579672212233874598e+05
2.297181257474828139e+07
3.657847207044739742e+06
3.594412222710075002e+04
1.864901927557804808e+07
2.535447705206017999e+05
2.017546339077308774e+07
4.443180094510567375e+06
1.087373273523542099e+06
1.724288603797144070e+07
1.331180034097807715e+06
1.287927156124239555e+06
8.092971395311186789e+05
2.741329207402251777e+05
1.128074185474815313e+05
5.623200435679183574e+05
1.600910020292251557e+07
2.616216667807072401e+06
1.177445354348756227e+05
9.585609578386639478e+05
7.357731107998047024e+06
9.245606994251884520e+06
3.616661132923660916e+05
2.058772458650997723e+05
9.001694187919976190e+06
1.009381835343876155e+05
4.229263045242756605e+06
1.656375951221301220e+05
1.754512774919607677e+06
1.383456846954240464e+06
5.832134601085026952e+04
6.812213648682697385e+04
2.179684323455020785e+06
5.421610031594098546e+06
4.863583788435982540e+06
1.890144271931873634e+07
2.200166766439067142e+05
1.217758494891586248e+06
1.665061089599447150e+05
3.949742391897309572e+05
2.307261636273768672e+05
6.670230742680915864e+05
1.933533550186126027e+06
4.253444965760637424e+05
1.275338568656391837e+07
5.753049766479736194e+06
1.114870554255408794e+07
8.270603999722626759e+04
2.883252553022240754e+05
2.525158864606205840e+06
